[
    [
        [
            0.4716363847255707,
            -1.5143738985061646,
            0.021990569308400154
        ]
    ],
    [
        [
            0.4716363847255707,
            -1.5143738985061646,
            0.021990569308400154
        ]
    ],
    [
        [
            0.4864432215690613,
            -1.455564260482788,
            0.037638451904058456
        ]
    ],
    [
        [
            0.4864432215690613,
            -1.455564260482788,
            0.037638451904058456
        ]
    ],
    [
        [
            0.4891044795513153,
            -1.4540669918060303,
            0.05839715898036957
        ]
    ],
    [
        [
            0.4891044795513153,
            -1.4540669918060303,
            0.05839715898036957
        ]
    ],
    [
        [
            0.48921117186546326,
            -1.458882212638855,
            0.06720424443483353
        ]
    ],
    [
        [
            0.48921117186546326,
            -1.458882212638855,
            0.06720424443483353
        ]
    ],
    [
        [
            0.48676538467407227,
            -1.4671632051467896,
            0.07745816558599472
        ]
    ],
    [
        [
            0.48676538467407227,
            -1.4671632051467896,
            0.07745816558599472
        ]
    ],
    [
        [
            0.4850875437259674,
            -1.473239541053772,
            0.08064555376768112
        ]
    ],
    [
        [
            0.4850875437259674,
            -1.473239541053772,
            0.08064555376768112
        ]
    ],
    [
        [
            0.485757976770401,
            -1.4709323644638062,
            0.07997259497642517
        ]
    ],
    [
        [
            0.485757976770401,
            -1.4709323644638062,
            0.07997259497642517
        ]
    ],
    [
        [
            0.4858720004558563,
            -1.47129487991333,
            0.07987792044878006
        ]
    ],
    [
        [
            0.4858720004558563,
            -1.47129487991333,
            0.07987792044878006
        ]
    ],
    [
        [
            0.48268207907676697,
            -1.4741859436035156,
            0.09148800373077393
        ]
    ],
    [
        [
            0.48268207907676697,
            -1.4741859436035156,
            0.09148800373077393
        ]
    ],
    [
        [
            0.4842815399169922,
            -1.4689676761627197,
            0.10159730911254883
        ]
    ],
    [
        [
            0.4842815399169922,
            -1.4689676761627197,
            0.10159730911254883
        ]
    ],
    [
        [
            0.4813057482242584,
            -1.4789776802062988,
            0.09909228980541229
        ]
    ],
    [
        [
            0.4813057482242584,
            -1.4789776802062988,
            0.09909228980541229
        ]
    ],
    [
        [
            0.48137375712394714,
            -1.47856605052948,
            0.10403425246477127
        ]
    ],
    [
        [
            0.48137375712394714,
            -1.47856605052948,
            0.10403425246477127
        ]
    ],
    [
        [
            0.47471675276756287,
            -1.4972001314163208,
            0.09719273447990417
        ]
    ],
    [
        [
            0.47471675276756287,
            -1.4972001314163208,
            0.09719273447990417
        ]
    ],
    [
        [
            0.4710385203361511,
            -1.5034091472625732,
            0.0984809622168541
        ]
    ],
    [
        [
            0.4710385203361511,
            -1.5034091472625732,
            0.0984809622168541
        ]
    ],
    [
        [
            0.47438710927963257,
            -1.483095407485962,
            0.10207834094762802
        ]
    ],
    [
        [
            0.47438710927963257,
            -1.483095407485962,
            0.10207834094762802
        ]
    ],
    [
        [
            0.4736316502094269,
            -1.4842150211334229,
            0.1032295823097229
        ]
    ],
    [
        [
            0.4736316502094269,
            -1.4842150211334229,
            0.1032295823097229
        ]
    ],
    [
        [
            0.46595489978790283,
            -1.4983570575714111,
            0.10970667749643326
        ]
    ],
    [
        [
            0.46595489978790283,
            -1.4983570575714111,
            0.10970667749643326
        ]
    ],
    [
        [
            0.4648362398147583,
            -1.4962773323059082,
            0.11454161256551743
        ]
    ],
    [
        [
            0.4648362398147583,
            -1.4962773323059082,
            0.11454161256551743
        ]
    ],
    [
        [
            0.46050435304641724,
            -1.5042686462402344,
            0.10495312511920929
        ]
    ],
    [
        [
            0.46050435304641724,
            -1.5042686462402344,
            0.10495312511920929
        ]
    ],
    [
        [
            0.45894843339920044,
            -1.5108834505081177,
            0.108946792781353
        ]
    ],
    [
        [
            0.45894843339920044,
            -1.5108834505081177,
            0.108946792781353
        ]
    ],
    [
        [
            0.45672595500946045,
            -1.517444133758545,
            0.1143970787525177
        ]
    ],
    [
        [
            0.45672595500946045,
            -1.517444133758545,
            0.1143970787525177
        ]
    ],
    [
        [
            0.45331165194511414,
            -1.5247911214828491,
            0.12345057725906372
        ]
    ],
    [
        [
            0.45331165194511414,
            -1.5247911214828491,
            0.12345057725906372
        ]
    ],
    [
        [
            0.4538516402244568,
            -1.5227901935577393,
            0.12551581859588623
        ]
    ],
    [
        [
            0.4538516402244568,
            -1.5227901935577393,
            0.12551581859588623
        ]
    ],
    [
        [
            0.45366808772087097,
            -1.5243186950683594,
            0.1199566125869751
        ]
    ],
    [
        [
            0.45366808772087097,
            -1.5243186950683594,
            0.1199566125869751
        ]
    ],
    [
        [
            0.45751136541366577,
            -1.5152807235717773,
            0.1205332949757576
        ]
    ],
    [
        [
            0.45751136541366577,
            -1.5152807235717773,
            0.1205332949757576
        ]
    ],
    [
        [
            0.4607411026954651,
            -1.501318335533142,
            0.11650054156780243
        ]
    ],
    [
        [
            0.4607411026954651,
            -1.501318335533142,
            0.11650054156780243
        ]
    ],
    [
        [
            0.46200495958328247,
            -1.4994815587997437,
            0.11149227619171143
        ]
    ],
    [
        [
            0.46200495958328247,
            -1.4994815587997437,
            0.11149227619171143
        ]
    ],
    [
        [
            0.467446506023407,
            -1.4889330863952637,
            0.11170688271522522
        ]
    ],
    [
        [
            0.467446506023407,
            -1.4889330863952637,
            0.11170688271522522
        ]
    ],
    [
        [
            0.46732351183891296,
            -1.5019919872283936,
            0.11251238733530045
        ]
    ],
    [
        [
            0.46732351183891296,
            -1.5019919872283936,
            0.11251238733530045
        ]
    ],
    [
        [
            0.46765297651290894,
            -1.5107700824737549,
            0.11255743354558945
        ]
    ],
    [
        [
            0.46765297651290894,
            -1.5107700824737549,
            0.11255743354558945
        ]
    ],
    [
        [
            0.4699443578720093,
            -1.5010932683944702,
            0.10554300993680954
        ]
    ],
    [
        [
            0.4699443578720093,
            -1.5010932683944702,
            0.10554300993680954
        ]
    ],
    [
        [
            0.4779782295227051,
            -1.4871981143951416,
            0.09631742537021637
        ]
    ],
    [
        [
            0.4779782295227051,
            -1.4871981143951416,
            0.09631742537021637
        ]
    ],
    [
        [
            0.4782121479511261,
            -1.490086555480957,
            0.10471675544977188
        ]
    ],
    [
        [
            0.4782121479511261,
            -1.490086555480957,
            0.10471675544977188
        ]
    ],
    [
        [
            0.48505261540412903,
            -1.4743731021881104,
            0.10430449992418289
        ]
    ],
    [
        [
            0.48505261540412903,
            -1.4743731021881104,
            0.10430449992418289
        ]
    ],
    [
        [
            0.47649475932121277,
            -1.508985996246338,
            0.09609044343233109
        ]
    ],
    [
        [
            0.47649475932121277,
            -1.508985996246338,
            0.09609044343233109
        ]
    ],
    [
        [
            0.47138121724128723,
            -1.5263985395431519,
            0.08745323121547699
        ]
    ],
    [
        [
            0.47138121724128723,
            -1.5263985395431519,
            0.08745323121547699
        ]
    ],
    [
        [
            0.46380704641342163,
            -1.5560493469238281,
            0.07807575166225433
        ]
    ],
    [
        [
            0.46380704641342163,
            -1.5560493469238281,
            0.07807575166225433
        ]
    ],
    [
        [
            0.4576401710510254,
            -1.5777724981307983,
            0.07718995958566666
        ]
    ],
    [
        [
            0.4576401710510254,
            -1.5777724981307983,
            0.07718995958566666
        ]
    ],
    [
        [
            0.4531323313713074,
            -1.5877779722213745,
            0.08038784563541412
        ]
    ],
    [
        [
            0.4531323313713074,
            -1.5877779722213745,
            0.08038784563541412
        ]
    ],
    [
        [
            0.450310081243515,
            -1.600601315498352,
            0.08429264277219772
        ]
    ],
    [
        [
            0.450310081243515,
            -1.600601315498352,
            0.08429264277219772
        ]
    ],
    [
        [
            0.4538302421569824,
            -1.5962376594543457,
            0.09283401072025299
        ]
    ],
    [
        [
            0.4538302421569824,
            -1.5962376594543457,
            0.09283401072025299
        ]
    ],
    [
        [
            0.4564386010169983,
            -1.5789117813110352,
            0.10147807747125626
        ]
    ],
    [
        [
            0.4564386010169983,
            -1.5789117813110352,
            0.10147807747125626
        ]
    ],
    [
        [
            0.4582900404930115,
            -1.572043776512146,
            0.10626580566167831
        ]
    ],
    [
        [
            0.4582900404930115,
            -1.572043776512146,
            0.10626580566167831
        ]
    ],
    [
        [
            0.4568285644054413,
            -1.5800892114639282,
            0.10193385183811188
        ]
    ],
    [
        [
            0.4568285644054413,
            -1.5800892114639282,
            0.10193385183811188
        ]
    ],
    [
        [
            0.4629042446613312,
            -1.5496439933776855,
            0.1131070926785469
        ]
    ],
    [
        [
            0.4629042446613312,
            -1.5496439933776855,
            0.1131070926785469
        ]
    ],
    [
        [
            0.45829078555107117,
            -1.5669567584991455,
            0.1046319231390953
        ]
    ],
    [
        [
            0.45829078555107117,
            -1.5669567584991455,
            0.1046319231390953
        ]
    ],
    [
        [
            0.4602842926979065,
            -1.5526119470596313,
            0.10549084097146988
        ]
    ],
    [
        [
            0.4602842926979065,
            -1.5526119470596313,
            0.10549084097146988
        ]
    ],
    [
        [
            0.461847722530365,
            -1.5465583801269531,
            0.1088370606303215
        ]
    ],
    [
        [
            0.461847722530365,
            -1.5465583801269531,
            0.1088370606303215
        ]
    ],
    [
        [
            0.4513666331768036,
            -1.5741050243377686,
            0.09589210897684097
        ]
    ],
    [
        [
            0.4513666331768036,
            -1.5741050243377686,
            0.09589210897684097
        ]
    ],
    [
        [
            0.4518184959888458,
            -1.5677320957183838,
            0.09384182840585709
        ]
    ],
    [
        [
            0.4518184959888458,
            -1.5677320957183838,
            0.09384182840585709
        ]
    ],
    [
        [
            0.4555301368236542,
            -1.5491092205047607,
            0.0961206778883934
        ]
    ],
    [
        [
            0.4555301368236542,
            -1.5491092205047607,
            0.0961206778883934
        ]
    ],
    [
        [
            0.45023003220558167,
            -1.5630775690078735,
            0.08704503625631332
        ]
    ],
    [
        [
            0.45023003220558167,
            -1.5630775690078735,
            0.08704503625631332
        ]
    ],
    [
        [
            0.4493604302406311,
            -1.5639972686767578,
            0.0792660340666771
        ]
    ],
    [
        [
            0.4493604302406311,
            -1.5639972686767578,
            0.0792660340666771
        ]
    ],
    [
        [
            0.45280569791793823,
            -1.5455998182296753,
            0.07930924743413925
        ]
    ],
    [
        [
            0.45280569791793823,
            -1.5455998182296753,
            0.07930924743413925
        ]
    ],
    [
        [
            0.45653998851776123,
            -1.5331957340240479,
            0.07620855420827866
        ]
    ],
    [
        [
            0.45653998851776123,
            -1.5331957340240479,
            0.07620855420827866
        ]
    ],
    [
        [
            0.45805346965789795,
            -1.5290305614471436,
            0.08260086923837662
        ]
    ],
    [
        [
            0.45805346965789795,
            -1.5290305614471436,
            0.08260086923837662
        ]
    ],
    [
        [
            0.4559067487716675,
            -1.5292984247207642,
            0.08295240253210068
        ]
    ],
    [
        [
            0.4559067487716675,
            -1.5292984247207642,
            0.08295240253210068
        ]
    ],
    [
        [
            0.45607665181159973,
            -1.5247399806976318,
            0.0828382596373558
        ]
    ],
    [
        [
            0.45607665181159973,
            -1.5247399806976318,
            0.0828382596373558
        ]
    ],
    [
        [
            0.4574725925922394,
            -1.5217217206954956,
            0.08808121830224991
        ]
    ],
    [
        [
            0.4574725925922394,
            -1.5217217206954956,
            0.08808121830224991
        ]
    ],
    [
        [
            0.45586147904396057,
            -1.5242418050765991,
            0.09464482218027115
        ]
    ],
    [
        [
            0.45586147904396057,
            -1.5242418050765991,
            0.09464482218027115
        ]
    ],
    [
        [
            0.4528421461582184,
            -1.532673716545105,
            0.09771386533975601
        ]
    ],
    [
        [
            0.4528421461582184,
            -1.532673716545105,
            0.09771386533975601
        ]
    ],
    [
        [
            0.4536646604537964,
            -1.5289465188980103,
            0.09953796863555908
        ]
    ],
    [
        [
            0.4536646604537964,
            -1.5289465188980103,
            0.09953796863555908
        ]
    ],
    [
        [
            0.45609918236732483,
            -1.5221266746520996,
            0.09781545400619507
        ]
    ],
    [
        [
            0.45609918236732483,
            -1.5221266746520996,
            0.09781545400619507
        ]
    ],
    [
        [
            0.4558010995388031,
            -1.5212347507476807,
            0.09547308087348938
        ]
    ],
    [
        [
            0.4558010995388031,
            -1.5212347507476807,
            0.09547308087348938
        ]
    ],
    [
        [
            0.4624796211719513,
            -1.5042054653167725,
            0.09193316102027893
        ]
    ],
    [
        [
            0.4624796211719513,
            -1.5042054653167725,
            0.09193316102027893
        ]
    ],
    [
        [
            0.4643266201019287,
            -1.5002366304397583,
            0.0802786573767662
        ]
    ],
    [
        [
            0.4643266201019287,
            -1.5002366304397583,
            0.0802786573767662
        ]
    ],
    [
        [
            0.46405264735221863,
            -1.5056897401809692,
            0.07808184623718262
        ]
    ],
    [
        [
            0.46405264735221863,
            -1.5056897401809692,
            0.07808184623718262
        ]
    ],
    [
        [
            0.4629906415939331,
            -1.5183502435684204,
            0.07472497224807739
        ]
    ],
    [
        [
            0.4629906415939331,
            -1.5183502435684204,
            0.07472497224807739
        ]
    ],
    [
        [
            0.46401864290237427,
            -1.515742301940918,
            0.06966783106327057
        ]
    ],
    [
        [
            0.46401864290237427,
            -1.515742301940918,
            0.06966783106327057
        ]
    ],
    [
        [
            0.46585965156555176,
            -1.5177305936813354,
            0.0715237706899643
        ]
    ],
    [
        [
            0.46585965156555176,
            -1.5177305936813354,
            0.0715237706899643
        ]
    ],
    [
        [
            0.46909040212631226,
            -1.506225824356079,
            0.0781736895442009
        ]
    ],
    [
        [
            0.46909040212631226,
            -1.506225824356079,
            0.0781736895442009
        ]
    ],
    [
        [
            0.4636814594268799,
            -1.5277076959609985,
            0.0735173299908638
        ]
    ],
    [
        [
            0.4636814594268799,
            -1.5277076959609985,
            0.0735173299908638
        ]
    ],
    [
        [
            0.47205743193626404,
            -1.515273928642273,
            0.08192537724971771
        ]
    ],
    [
        [
            0.47205743193626404,
            -1.515273928642273,
            0.08192537724971771
        ]
    ],
    [
        [
            0.4697704315185547,
            -1.5312186479568481,
            0.07361072301864624
        ]
    ],
    [
        [
            0.4697704315185547,
            -1.5312186479568481,
            0.07361072301864624
        ]
    ],
    [
        [
            0.45832449197769165,
            -1.573527216911316,
            0.06389733403921127
        ]
    ],
    [
        [
            0.45832449197769165,
            -1.573527216911316,
            0.06389733403921127
        ]
    ],
    [
        [
            0.45684531331062317,
            -1.5788925886154175,
            0.06551475822925568
        ]
    ],
    [
        [
            0.45684531331062317,
            -1.5788925886154175,
            0.06551475822925568
        ]
    ],
    [
        [
            0.454215407371521,
            -1.589190125465393,
            0.06390054523944855
        ]
    ],
    [
        [
            0.454215407371521,
            -1.589190125465393,
            0.06390054523944855
        ]
    ],
    [
        [
            0.45956045389175415,
            -1.571427822113037,
            0.0739276185631752
        ]
    ],
    [
        [
            0.45956045389175415,
            -1.571427822113037,
            0.0739276185631752
        ]
    ],
    [
        [
            0.4586072564125061,
            -1.5751017332077026,
            0.08275311440229416
        ]
    ],
    [
        [
            0.4586072564125061,
            -1.5751017332077026,
            0.08275311440229416
        ]
    ],
    [
        [
            0.4614858329296112,
            -1.5629769563674927,
            0.08589032292366028
        ]
    ],
    [
        [
            0.4614858329296112,
            -1.5629769563674927,
            0.08589032292366028
        ]
    ],
    [
        [
            0.4610109031200409,
            -1.5633463859558105,
            0.07780427485704422
        ]
    ],
    [
        [
            0.4610109031200409,
            -1.5633463859558105,
            0.07780427485704422
        ]
    ],
    [
        [
            0.4628170132637024,
            -1.5583233833312988,
            0.0824998989701271
        ]
    ],
    [
        [
            0.4628170132637024,
            -1.5583233833312988,
            0.0824998989701271
        ]
    ],
    [
        [
            0.45988035202026367,
            -1.569894790649414,
            0.07811807841062546
        ]
    ],
    [
        [
            0.45988035202026367,
            -1.569894790649414,
            0.07811807841062546
        ]
    ],
    [
        [
            0.45929697155952454,
            -1.570080041885376,
            0.07562632113695145
        ]
    ],
    [
        [
            0.45929697155952454,
            -1.570080041885376,
            0.07562632113695145
        ]
    ],
    [
        [
            0.4591597020626068,
            -1.5756500959396362,
            0.07318976521492004
        ]
    ],
    [
        [
            0.4591597020626068,
            -1.5756500959396362,
            0.07318976521492004
        ]
    ],
    [
        [
            0.45752963423728943,
            -1.5778846740722656,
            0.07155147939920425
        ]
    ],
    [
        [
            0.45752963423728943,
            -1.5778846740722656,
            0.07155147939920425
        ]
    ],
    [
        [
            0.4593026041984558,
            -1.5694425106048584,
            0.06883358210325241
        ]
    ],
    [
        [
            0.4593026041984558,
            -1.5694425106048584,
            0.06883358210325241
        ]
    ],
    [
        [
            0.45738720893859863,
            -1.5737807750701904,
            0.07433926314115524
        ]
    ],
    [
        [
            0.45738720893859863,
            -1.5737807750701904,
            0.07433926314115524
        ]
    ],
    [
        [
            0.45733311772346497,
            -1.5721049308776855,
            0.0661674290895462
        ]
    ],
    [
        [
            0.45733311772346497,
            -1.5721049308776855,
            0.0661674290895462
        ]
    ],
    [
        [
            0.4558403193950653,
            -1.5729199647903442,
            0.04882396012544632
        ]
    ],
    [
        [
            0.4558403193950653,
            -1.5729199647903442,
            0.04882396012544632
        ]
    ],
    [
        [
            0.4650420546531677,
            -1.5249629020690918,
            0.021645260974764824
        ]
    ],
    [
        [
            0.4650420546531677,
            -1.5249629020690918,
            0.021645260974764824
        ]
    ]
]